584 -415 62 -958 842 -538 -906 894 706 772 -19 97 -5 725 689 121 -706 -669 -86 432 733 -943 522 84 -296 -816 -844 -350 -215 814 781 18
-879 451 -818 346 480 70 652 25 -70 -288 900 -3 -614 -454 -468 403 194 180 -423 -621 -749 5 861 -766 -874 -886 699 153 -990 302 393 793 -222 75 -122 -413 -681 -950 897 -307 934 -392 502 836 -145 840 -275 929 705
-403 707 -527 545 -275 602 -438 811 -347 -216 419 -745 -47 -276 604 208 -623 -264 -262 -352 291 776 529 -773 893 -12 -299 355 -300 61 65
-692 317 -83 496 99 893 -726 803 -185 -161 301 435 -851 -478 313 -626 676 129 681 397 45 434 51 505 815 490 928 -138 248 72 -987 202 -698 115 -918 799 -713 -162 -9 4 -16 -201 93 -496 -979 586 -514 -591
-249 368 -86 920 777 -263 -544 -928 -197 429 -806 587 -939 969 -334 937 45 -132 893 856 -473 -440 309 -245 -546 -661 929 -952
-737 -213 670 -593 950 -82 -996 135 173 771 509 -904 -590 -769 851 -966 306 -516 -824 -474 -452 283 593 -488 138 343 536 -133 217 195 128 -870 -242 88 -695 -602 252 95 3 709 765 -572 -433 429 183 963 791 84 -969 -324 -496 -618 -910 983 -695 -946 -363 -375 -625 918 589 -173 -774 -45 -466 -888 -753 463 -548
302 -247 -367 -32 -17 -983 -181 -529 -707 120 -392 244 -739 -452 820 -112 -504 251 -658 214 56 -444 724 866 -152 302 -248 936 -352 469 -635 -637 320 -134 -205 267 42 848 951
932 651 214 566 -127 -838 813 -793 394 -795 210 -861 280 986 218 -611 -241 598 298 -680 831 444 -312 -919 -536 299 709 -76 261 569 -665 -526 -520 -832 -404 -987 -209 589 417 -17 -212 854 23 440 -343 -332 326 435 400 569 -629 414 194 419 704 919 -260 -535 -252 106
-258 -555 -949 -526 -365 600 345 -590 -104 718 -629 -224 742 -529 982 815 -170 212 -941 28 -509 181 -968 84 123 45 -220 558 340 256 198 973 -592 -863 -352 738 486 -370 783 133 98 189
583 345 -930 454 -133 -482 -22 840 -710 -685 868 568 327 516 -997 752 -570 -10 258 -534 -19 224 -874 868 -574 346 -779 524 614 -48 298 548 -258 121 -731 710 -323 116 -679 506 924 119 4 768 225 179 963 640 425 -462 -957 450 -731 347 334 -620 713 5 680
143 500 -552 192 -216 -330 -496 664 661 557 520 45 913 -974 -463 -627 412 -643 -1000 -783 323 -159 53 533 -532 574 -420 -271 580 -931 182 424 249 -307 -273 344 636 548 147 -6 131 389 -246 -888 321 -683 -177 40 409 58 -805 478 -688 655 78 576 -410 -567 365 -561 -842
-612 472 -783 -725 287 311 -48 737 -818 922 957 947 -988 -587 -883 885 202 -257 710 259 -849 -298 -115 611 -349 947 -943 -392 -274 -870 -965 -739 -931 818 251 339 -809 -178 -354 251 117 178 -987 -409 283 -155 -781 536 347 118 847 896 -935 -476 860 237 -777 -873 -158 -852 -568 -717 127
163 -780 -520 -429 -151 -904 711 155 -191 190 857 318 -512 -18 627 794 146 -504 846 585 -614 396 80 -168 -728 -768 -994 -131 -359 -804 58 753 -409 47 879 -242 -791 134 715 7 -207 898 209 -275 -591 -542 475 864 502 184 67 983 -475 -954 -735 -8 -624 -628 113 41 -865 417 -53 857 -587 -734 -1 784 143 -372 723 -970 925
-222 883 306 -605 820 -459 -543 -532 707 -668 -16 -923 876 276 674 -750 -659 147 24 115 -152 -814 873 -326 3 411 -537 936 370 -813 -736 -988 925 188 -407 220 528 33 940 323 -135 452 899
850 -961 -507 443 -434 -502 -955 -71 855 -145 -398 55 980 166 92 298 523 -583 30 329 739 600 973 -89 97 -621 -317 -394 -433 143 961 -923 477 938
357 -549 233 312 852 925 780 -412 662 -972 749 325 625 -473 438 -304 -208 823 394 163 351 867 198 985 -852 126 510 -467 -819 -873 -111 590 190 -11 -710 577 738 -318 149 -116 -887 566 -428 440 -10 817 -97 842 725 238 -594 -910 726 -370 -41 580 333 -304 544 -648 -922 -492 -887 859 -263 564
-645 905 -688 488 -655 -11 -863 -555 596 746 -697 351 644 -55 -664 -340 -19 -189 873 -688 398 -445 -394 -228 533 -897 967 -243 -989 709 60 -606 -90 -122 -377 198 597 175 -833 252 -977
405 -435 809 285 126 283 -282 -115 516 -865 475 403 -800 -819 -624 -439 58 874 934 -901 -715 -786 290 841 638 380 459 -280 -301 -957 462 -812 -683 923 -166 386 -578 728 -283 -56 -713 -865 183 40 317 -531 529 747 -580 787 7 866 -58 -836 720 -875
-36 286 -93 462 435 -825 -268 682 -726 378 -214 -258 924 -752 618 -101 500 133 585 -853 939 641 -523 321 67 -774 219 255 -300 691
287 -724 113 -858 318 502 -262 841 520 53 826 -649 815 -953 -314 -385 92 -515 -848 422 791 -894 356 -101 -793 991 -478 112 -95 94 -984 65 -322 688 188 -956 -272 -686 -728 100
413 619 985 -357 603 -995 -338 -987 -990 -566 569 42 883 945 -843 980 819 277 -960 -167 -394 530 -213 342 654 -93 -625 -74 424 -100 -518 304 682 -785 886 303 660 -366 723 658 -537 785 658 -106 892 -971 408 205 333 376 -150 -597 -184 -441 -49 -346 -70 359 6 -384 499 183 -210 -516 -639 -626 325 238 157 884 -691 584
517 906 -917 -457 -475 656 439 663 503 -40 717 -470 -543 221 719 110 85 726 -126 799 755 -542 -252 -224 -674 -238 437 -126 57 -319 572 994 262 -767 536 -670 -341 405 190 -221 -281 938
101 704 -947 -25 250 -308 -109 -934 347 -646 914 264 281 -899 968 -747 12 -145 -525 154 -554 -858 781 -324 259 688 75 -652 67 789 687 -33 173 -124 -761 638 322 -659 348 -222 706 175 -921 -211 158 -501 -522 456 208 556 725 900 -399 617 311 -84 -191 -617 -745 843 -941 -665
129 619 -466 454 150 435 -551 173 976 -976 880 -903 -533 -696 128 -809 -795 855 -106 -1000 -936 872 -540 638 -781 538 683 831 -32
-446 -951 726 725 818 -488 -360 -841 461 -832 -978 -240 -146 -679 -490 -417 -837 586 480 -966 -605 -931 -717 -686 281 -653 -63 200 -418 -427 -73 -989 602 -582 -491 -860 -700 -48 871 -64 288 -991 -704 -577 479 -839 -213 -42 693 -734
-296 415 -123 -21 413 585 908 -518 836 43 772 178 -434 -927 -389 542 178 -853 619 -980 -372 -774 410 -630 -181 612 -220 -602 -942 75 -297 261 290 -45 349 582 -267 -298 759 290 122 377 -459 -180 741 -515 569 -110 254 -684 -76
736 678 -742 -419 712 115 -528 -780 -854 781 -376 581 855 587 -447 -749 -115 817 995 974 -207 314 -896 874 965 573 261 -974 848 -500 -574 -876 -528 -942 -815 -918 25 -159 229 -707 -537 -250 193 534 906 685 163 -559 -799 -638 107 -504 -162 -718 -608 -450 -449 68 -886 -576 -659 525 513 179 -612 -173 -21 -244
-838 819 347 -644 -440 48 938 -182 -82 -817 -626 658 -389 87 -982 785 -201 -250 -952 391 -355 830 822 914 -374 -379 -785 184 -320 987 395 -622 -510 -575 -71 849 192 -515 -973 -918 -517 -97 768 -898 -684 -655 459 497 -978 -145 547 -185 116 -488 733 165 467 37 90 1 -437
551 -598 -631 -725 239 26 -342 384 -998 -540 527 -500 764 -281 -225 -155 -233 -799 -196 -154 -456 849 -1000 -718 399 -142 -989 319 927 289 303 610 767 -723 521 923 -97 -681 120 759 960 897 518 -860 641 -788 515 -741 -963 627 831 548 931 -968
-684 317 22 -253 -843 465 -41 929 971 -133 -564 10 -40 -76 665 -766 -118 -472 715 -747 18 393 -378 934 -363 771 684 -687 -576 -313 -899 -851 -356 -536 96 -690 -822 870 133 943 -159 966 491 -112 -69 968 958 -480 -920 -779 863 -963 256 681 908 729 -231
-551 -583 -853 -350 -434 -69 -972 724 -583 554 -185 -241 -178 569 247 133 -775 474 947 -953 503 867 135 -756 -166 711 -251 -740 849 -717 269 901 411 525 -892 -474 -900 337 176 735 -32 -424 387 252 194 559 640 438 322 494 -565 196 -748 -71 -1 815 595 125
818 -832 572 623 938 75 42 156 13 -274 -608 743 711 547 -717 369 -819 -178 473 77 -17 423 -307 994 354 -278
-229 -498 990 -474 466 -966 536 730 -812 -365 -837 81 254 -19 382 882 958 449 24 787 -244 5 -385 -664 -843 935 -641 -659 -583 15 610 -942 -201 -593 263 -845 562 395 -678 -23 -388 592 -424 -720 -969 -92 300 -455 26 143 -9 257 -263 727
-424 -432 925 -591 -507 -920 500 622 -390 -459 -642 698 -164 -203 -974 948 -307 -576 840 657 926 -287 310 954 -955 -51 -740 755 -941 677 -451 -299 -70 679 369 -402 412 532 753 394 -621 -713 79 -115 452 181 -243
444 140 544 -720 -189 733 380 805 494 -152 874 -267 268 454 -453 493 -836 -541 230 342 -533 -223 740 31 -687 -88 -161 540 817 -82 -189 -689 758 197 -245 44 75 131 -375 431 -827 751 97 716
-816 -941 -500 464 133 -840 -487 286 142 -341 392 -336 228 -957 845 -526 -168 556 -988 -515 956 -78 -526 906 -629 -78 289 -667 853 678 517 446
705 977 705 -764 -504 152 -672 -1000 -771 498 784 -389 802 -618 485 892 -325 604 33 -889 -170 577 80 -957 570
931 87 -49 919 -77 54 -473 755 -800 -709 156 -190 -455 -202 -528 960 45 65 995 -520 68 -15 165 439 172 -776 -250 -282 606 566 504
382 -641 -267 874 476 -524 819 -240 -240 -400 -723 934 940 -495 672 855 740 127 243 -763 820 -623 377 598 693 -125 -911 972 826 976 451 749 -865 522 418 -126 -649 -61 755 -216 -808 523 155 843 58 67 -960 -285 -426 -574 -76 -634 40 -585 -849 -426 982 -995 -399 840 811
-785 127 -466 561 654 -960 12 -657 471 164 -471 -778 859 764 536 -463 931 61 -198 -448 386 -955 -513 -944 -45 779 649 136 -125 914 297 -902 157 326 39 429 235 -587 -242 221 455 -4 -623 284 -962 891 744 -654 642 -928 -524 678 -307 -446 345 124 620 227 -249 583 227 -147 630 770 934 -663 -309 398 159
-958 383 -446 770 -278 -520 -394 -661 -792 191 -982 328 -12 -475 -624 397 997 627 -8 533 451 -716 984 -928 424 -394
388 -431 -904 960 497 56 143 -204 563 -15 71 -554 10 9 -916 -889 -160 -725 63 639 -154 7 -833 -687 -3 -645 251 -948 -116 321 -636 -347 -115 -855 -139 910 -434 592 426
756 -722 321 -942 269 363 -260 -512 689 883 -701 -813 511 -147 -551 -46 -515 857 442 -134 698 -698 -125 -838 51 -414 -553 -525 318 698 -410 350 -872 -265
-62 -641 656 398 35 -148 -231 132 625 -362 941 -975 -330 -911 682 -18 -729 -58 -10 -997 621 518 -8 458 663 499 430 -57 -59 -826 -422 75 -954 84 294 -556 -770 -197 223 -994 -179 -462 -328 -252 -646 -990 -44 -983 -536 -742 928 401 -376 61 -574 901 -959 648 532 227 952 -204 277 571 136 231 162 736
-849 -644 873 169 29 297 -823 -459 -807 -854 845 -993 -955 -241 787 -950 -582 -686 -555 -664 117 -829 -86 -444 -554 -852 -568 838 513 -388 895 400 -204 -144 -223 -413 982 -453 -830 -123 -233 525 771 630 777 -575 16 433 -427 -719 -355 -461 842 702 -673 -711 820 999
-353 260 136 -311 314 -503 334 532 773 -377 606 -767 -242 97 599 -497 581 -476 -276 -105 897 -346 -645 -867 261 241 -178 90 -733 -707 -44 -541 126 -871 -289 -129 -619 -400 518 160 997 -416 95
-941 874 269 -933 -307 401 -648 933 -469 -691 -857 46 625 627 461 -990 -86 241 398 -830 -2 -716 -184 18 816 -858 152 53 -179 -285 480 740 552 598 579 -142 -311 -236 -57 -411 -110 -838 922 807 -21 928 303 139 343 529 239 -516 -600 -738 -371 555 367 -917 -824 -535 -925 922 -660 -309 434 115 -687 -535 132 -778 584 -326 -930 31 -281
-659 968 65 -345 524 -72 368 586 416 505 -175 397 -189 -151 786 3 -672 -330 862 463 608 -614 -914 -7 394 -877 62 2 713 174 219 404 946 235 253 984 54 345 458 664 778 627 332 -990
927 -567 689 881 -973 420 39 398 351 613 -460 927 -1 407 698 -595 -521 -932 -721 -729 -708 -111 925 -40 602 595 573 -223 188 220 315 850 -757 -105 795 340 -363 -99 -225 35 -796 -521 500 -62 513 940 -155 250 -754 -263 -268 965 -333 458 -430 0 -530 961 -849 55 436
356 -141 104 386 601 779 -795 582 -20 840 887 468 900 136 -250 325 990 -36 307 465 -370 718 -438 276 -598 -358 616 291 -650 -418 -428 -134 615
440 349 -666 -955 -496 56 513 255 185 858 -666 461 -53 303 -715 -14 -769 -762 820 999 597 -842 234 346 504 744 -309 -168 -260 972 -772 232 -128 316 -531 623 41 -990 411 -391 354 422 -922 361 -185 580 494 332 863 336 474 -496 -358 -224 144
-548 -494 -23 140 867 792 -598 463 708 50 667 -531 264 700 -467 450 -34 -850 729 438 -195 -117 -328 -400 -141 144 275 -360 -666 -667 602 -843 288 148
122 -587 503 744 -20 -29 209 -391 -620 751 485 124 12 -817 -13 -967 -443 986 683 -588 210 715 973 138 519 -729 545 -88 532 -374 298 733 -508
-824 973 -422 -437 466 -519 885 -914 -549 572 -546 -229 -52 608 833 -739 -646 -587 776 -556 -246 -969 505 -4 -34 166 816 -856
49 -809 864 -837 311 -46 -17 622 -407 558 -292 564 530 -635 -656 983 -299 241 -360 -946 -838 -172 -145 590 -321 350 -343 -136 70 772 -33 -696 -881 -75 -436 350 870 460 -515 529 -597 -673 -594 -104 -960 -4 740 -509 -655
-339 418 -209 797 -252 560 965 -508 -878 861 -960 -360 387 -33 -284 303 135 878 -990 740 -66 800 -18 -865 -468 361 337 773 827 -142 224 -408 -176 541 -412 656 120 945 643 438 -200 481 -959 -961 -954 861 -518 554 -929 -131 547 -321
549 372 -827 -663 595 987 -684 -625 -770 -218 -423 599 339 756 -153 -713 196 -448 985 -206 -571 -990 148 977 479 6 -334 547
-852 -780 -181 -104 897 826 931 274 -810 481 -681 -339 887 -854 -243 789 -420 783 835 -537 793 -444 35 -647 -116 904 -247 -991 -656 -12 372 -64 -543 -451 169 -753 570 402 58 -67 202 -975
-274 839 -75 912 230 -662 -250 324 -716 -328 -309 -97 -601 53 -455 768 176 4 -549 -692 -497 -341 157 401 -188 -76 -951 -980 667 -906 626 -728 -647 613 -867 129 22 904 968 -38 799 879 263 622 -710 -330 -776 133 591 -466 -52 -423 53 231 -499 655 118 25 -664 387
-994 559 592 963 787 688 734 46 -175 39 304 574 -40 330 533 678 -18 -962 145 991 -264 -777 516 439 484 -151 -45 -454 101 -115 -119 -162 581 -700 -955 270 -253 -665 -791 -156 -801 824 -68 -845 -546 214 -740 -559 731 553 -952 758 -968 -678 129 88 652 76 -849 212 486 -604 -65 -231 874 -107 -512 817 -138
-455 -363 -672 -790 -221 542 -173 -30 -635 -466 -562 -159 234 -23 -977 -666 586 851 421 131 -171 -142 178 -495 -8 559 -292 389
340 17 -17 -899 -157 -385 247 -516 -623 -391 -579 -302 -191 987 446 238 -896 237 -658 403 129 540 -458 223 -46 309 151 403 -255 -715 -140 195 -164 -6 244 256 -635 -207 -588 -260 -310 771 987 426 -569 -492 -397 -484 895 796 556 6 177 -897 -316 -369 -301 811 -463 390 -897 695 -896 -56