805 -739 -460 N/A -948 328 553 513 243 N/A -497 265 664 -148 -339 438 N/A -918 337 -164 539 403 -457 N/A 624 N/A -487 110 732 177 -401 N/A -774 439 N/A -843 259 N/A -98 -1 N/A 371 262 N/A -31 N/A -751 N/A -595
842 N/A 160 570 60 -264 N/A 307 N/A 240 425 168 -283 N/A 556 -719 760 175 -634 -473 N/A 791 N/A 55 -102 -71 N/A -535
332 222 -555 178 709 -438 333 N/A 33 N/A -428 728 N/A 391 N/A 120 -493 -999 911 N/A -672 -41 N/A 459 -432 -724 -25 N/A -59 N/A 210 589 -751 486 N/A 476 N/A -567 383 -385 -787 N/A 89 272
-700 -882 -9 960 N/A 281 N/A -750 -377 -572 N/A -927 256 649 -392 N/A 298 238 N/A -242 -597 -791 -920 -227 N/A -187 624 -880 201 877 -633 164 N/A 351 -160 N/A -418 403 -417 -339 -271 N/A 525 164 -382 N/A 249 676 N/A 267 -854 N/A 493 538 580 -559 412 -657 N/A 900 -748 N/A -824 -456 N/A 866 N/A 387 696 N/A 238
163 N/A 290 826 N/A -769 -544 515 -487 N/A -933 N/A 993 456 629 714 27 N/A -698 -277 N/A -636 210 7 460 323 -347 N/A -32 648 -211 N/A -784 -856 316 347 N/A -258 862 N/A 108 N/A -859 N/A -176 834 -521 713 237 248 -506
782 N/A 637 N/A -71 784 -382 N/A 394 -270 -169 129 N/A 834 N/A -455 387 995 -271 518 N/A 707 -167 -683 -837 -624 683 358 N/A -22 -938 N/A -635 -138 -908 -532 175 -684 924 -688 N/A -105 N/A -425 N/A 868
88 -485 -955 75 667 -10 752 -931 N/A 714 N/A 970 468 N/A -700 -156 -865 N/A 45 264 N/A 67 N/A 503 690 N/A -517 -598 N/A -744 -596 565 N/A 786 N/A -495 -755 N/A 945 469 584 -416 557 -887 769 -650
-216 306 -735 -346 550 N/A -967 N/A -717 120 513 897 650 -539 N/A -838 N/A 93 N/A -667 N/A 420 -560 -715 -191 N/A 205 -665 -404 N/A -481 -9 N/A 714 -677 -243 482 -402 -600 227 N/A -245 N/A 921 -774 -945 N/A 293 N/A -935 N/A -35 N/A -925 -831 N/A -794 N/A -343 N/A 30 -786 37 -329 -677 -522 -776 870 -640 325 -875 81 669
-759 N/A 130 -276 975 N/A -215 -59 580 -789 146 867 -512 378 -731 N/A 470 N/A 221 339 N/A 466 N/A 865 -746 827 N/A 915 N/A -971 -623 -78 -995 N/A -478 608 896 N/A 973 -36 N/A 11 -172 N/A 439 -123 -413 -810
-311 -630 869 -157 N/A 302 N/A -53 920 697 845 N/A -937 N/A 785 N/A 87 734 555 -761 -614 -505 -75 N/A 2 893
430 569 -175 -492 -836 N/A -26 284 N/A -9 660 69 N/A -762 295 N/A -910 N/A -471 -130 281 649 239 811 202 N/A -356 387 N/A 678 -305 -262 -292 158 N/A -58 N/A -227 N/A 192
272 N/A 983 N/A 72 281 N/A 482 -821 N/A 20 N/A -806 N/A 381 378 N/A 753 851 -445 N/A -111 N/A -316 N/A 11 156 179 N/A 670 531 -371 -80 -268 -936 N/A 673 395 154 -548 -369 N/A 783 -884 701 716 731 349 -709 56 143 N/A -772 N/A 909 348 922 N/A 604 338 815 587 828 712 -172 -960 469 N/A 938 N/A 400 -331 697
-842 N/A -67 N/A 455 N/A 521 471 930 -244 N/A -973 N/A -434 N/A 373 489 -894 614 940 433 -240 727 -446 -705 535 -35 N/A -333 729 N/A 140 -398 782 -911
257 -450 N/A 427 -255 69 939 8 -457 N/A 982 N/A -634 N/A 205 759 -995 922 588 N/A -683 N/A -640 -302 -850 N/A -796 -765
-472 382 N/A -503 N/A -518 391 N/A 442 -792 433 474 N/A -238 N/A -555 942 -587 -61 152 -351 332 N/A 852 -565 N/A -961 -253 407 74 401 N/A 930
312 -359 767 N/A 15 246 -926 -75 N/A 287 N/A -797 325 N/A -539 N/A 814 N/A -651 478 402 N/A -302 517 -516 819 -849 652 -705 -742 N/A -638 -826 -927 N/A -653 -72 -843 398 -670 -398 -92 N/A 267 -571 -788 -507 -288 N/A 311 N/A 670 N/A -615 N/A 166
220 -581 N/A 2 226 N/A -569 577 N/A -267 N/A -936 928 346 386 528 N/A 400 60 731 -998 -48 N/A 139 -246 -501 -930
805 N/A 215 829 -576 963 971 N/A 447 N/A -359 587 775 -741 -407 666 -312 -802 N/A -691 -570 N/A 149 -106 N/A -120 N/A -233 -863 -855 391
-286 N/A -648 438 N/A 613 67 N/A 557 689 634 N/A 302 -101 663 570 -7 -909 674 N/A 57 -568 155 11 N/A -503 -110 N/A -501 N/A 809 N/A 261 N/A 400 -548 -65 -397 975 -180 896 283
-521 475 -173 981 853 N/A -590 115 N/A 994 N/A 290 N/A 198 437 -815 -678 N/A -649 732 -409 N/A 999 N/A 166 769 -571 N/A -181 N/A 953 N/A 804 271 36 204 -515 -663 -349 -259 N/A 35 -433 -807 N/A 900 -864 187 -188 N/A 886 107
380 -876 80 -160 878 N/A -782 -551 571 85 -949 -357 N/A -148 N/A 465 N/A 672 N/A -830 N/A -331 N/A -121 -731 -271 452 753 -185
-370 6 N/A -112 N/A -189 510 N/A 403 -787 N/A -542 25 852 602 N/A -877 N/A -1000 -184 N/A -118 318 -551 364 -890 525 -682 N/A -978 723 496 N/A 693 -678 N/A 188 -554 849 -788 -644
-344 -624 N/A 51 359 N/A -366 N/A -44 119 -294 740 587 -679 530 438 N/A -869 458 N/A 791 -371 464 90 N/A -246 38 N/A -805 164 -623 -815 -81 -605 168 N/A 684 N/A -424 N/A 271
-70 797 435 426 626 -908 -98 733 N/A -814 365 399 N/A 687 -882 -170 N/A -339 N/A 91 533 -544 N/A -132 763 738 427 N/A -173 -98 -53 871 N/A -987 N/A -325 -603 975 -254 806 N/A 988 451 N/A 973 647 N/A 984 N/A -664
-610 -707 -289 693 278 N/A 418 -406 N/A -582 N/A -852 -504 -82 704 595 N/A -423 N/A 764 989 N/A 207 598 -122 N/A 69 204 N/A -897 560 89 -379 -912 984 -891 526 203 N/A 567 N/A 712 N/A -313 -269 N/A -913 500 237 N/A -355 419
-716 590 153 N/A 635 -244 N/A -727 -747 397 N/A -158 N/A 26 N/A 4 N/A -234 -43 -368 N/A 510 736 447 -31 324 N/A 780 610 658 413 761 N/A -196 580 -882 N/A -266 N/A -940 638 N/A -361 998 -179 341 401 -206 298 N/A 831 832 -953 N/A 448 -702
-555 N/A 506 -559 -890 -948 -624 -887 -20 N/A 67 257 646 -588 N/A -897 N/A 778 451 810 816 N/A -32 N/A -273 N/A -781 N/A -935 -703 -616 -864 340 N/A 96 343 791 N/A -487 N/A -471 -78 522 N/A -375 -420 -282 N/A -765 -336 -747 N/A 233 176 -905 N/A -317 933 -509 546 -766 -644 N/A 337 N/A -980 -208 N/A 147 -259 373 -665 962 76
-765 -33 N/A -69 N/A 295 63 -951 N/A -551 253 N/A -315 -812 -167 279 N/A 714 N/A -40 -748 -10 -273 570 67 16 N/A 147 614 N/A 134 -493 592
-842 -929 -992 737 N/A 56 425 N/A -559 N/A 850 N/A 582 -103 -794 -602 -206 428 -9 N/A -879 865 62 -48 N/A 611 N/A 224 -77 154 368 522 N/A -322 -155 N/A 458 N/A -789 N/A 408 N/A -926 N/A 874 -250 N/A 538 -116 N/A 728 647 466 -561 -417 269 143 -503 712 -240 -83 908
207 389 -520 -943 360 -231 -209 N/A -189 -419 652 393 -186 343 N/A 643 N/A 686 N/A -457 N/A 232 173 N/A -294
435 382 N/A 515 N/A 531 N/A -17 -788 -733 N/A -495 -371 389 -881 N/A -578 N/A -660 612 -909 -769 -903 N/A -427 81 -544 -178 350 95 N/A -720 -531
690 357 797 -699 -162 221 N/A 587 -881 N/A 576 627 180 N/A 364 -343 N/A 270 948 -114 -792 232 807 -796 499 N/A -466 -766 N/A -864 N/A -363 310 N/A -104 N/A 431 96 187 N/A 668
931 347 -797 N/A -643 -314 -449 N/A -575 N/A -726 N/A -264 N/A -945 795 -535 194 N/A 554 915 988 516 N/A 141 -478 N/A 678 N/A 385 -32 502 324 N/A -313 -755 -991 -80 -714 N/A -847 -409 136 -12 535 909
724 -39 N/A 819 -782 546 -45 27 671 N/A 534 -661 -75 949 N/A -137 791 -849 -701 -905 137 -803 N/A 349 -368 N/A 609 N/A 892 N/A -348 107 -522 N/A -950 N/A -78
-336 207 N/A -323 N/A -963 524 N/A -125 -166 663 N/A 208 607 -289 257 -756 772 N/A -626 417 N/A -601 242 -203 N/A -692 -241 851 N/A 607 N/A 497 617 N/A -247 378 -887 N/A -109 947 232 N/A 315 371 9 376 -218 N/A 1 -810 N/A -542 -159 886 N/A -455 N/A 406 351 -423 -517 244 -568 753 N/A 638 530 -221
-988 196 -771 N/A 173 511 630 -737 N/A 845 N/A 131 -895 800 N/A -665 34 494 250 -243 -10 N/A 657 533 -865 N/A 693 188 -162 138 N/A 888 N/A -258 N/A 892 889 -594
-507 -798 609 815 -269 105 N/A -219 407 N/A 744 N/A 633 N/A 508 N/A -529 N/A 375 -611 -73 -329 359 -514 N/A 764 888 370 -157 -461 -296 -772 -580 N/A -978 N/A -469
-927 516 N/A 547 -714 -562 N/A 503 760 N/A -775 N/A 642 115 -514 N/A 381 161 -480 749 N/A 372 925 742 N/A 557 884 755 -801 209 N/A -615 -815 N/A -193 -957 N/A 239 370 -666 N/A -563 -339 N/A -173 N/A 251 -405 -851 N/A 637 -223 586 594 537 538 -853 -348 -535
-502 -191 N/A -118 467 N/A 822 811 N/A 309 998 850 37 -393 -632 N/A -130 -121 N/A 633 723 -332 N/A -775 -259
313 -74 N/A -114 N/A 33 238 452 662 164 -711 159 356 255 N/A -31 N/A -302 921 N/A 158 922 900 -913 138 N/A 69 12 -9 -471 -993 -580 N/A 201 -693 N/A -302 678 N/A 523 -2 -550 N/A 880 333 N/A 389 51 196 N/A 834 N/A 5 -898 N/A -669 N/A 879 687 739 N/A -889 107 671 N/A -822 979 50 -860 741 N/A 884 186 607
-832 N/A -424 N/A 86 996 -585 64 -37 180 N/A -506 N/A 171 N/A -142 -733 -738 124 978 N/A 161 477 270 -831 -576
-874 N/A -924 -268 N/A 486 -493 -460 -373 N/A 660 830 -528 505 -613 N/A -532 -259 -691 -307 N/A 231 N/A -459 N/A -853 N/A 27 N/A 675 -864 -277 N/A 572 -306 616 N/A -249 354 -160 366 153 357 865 N/A 210 -54 971 N/A -909 725 -15 -554 N/A 107 -79 547 N/A -386 -849 N/A -218 -824 -199 829 N/A -589 978 N/A 691 419 749 633 741
47 -540 -36 N/A -51 N/A -661 -359 411 -766 N/A 769 -798 N/A -458 370 -664 173 -553 N/A -569 -629 N/A -771 503 495 722 303 N/A -195 21 N/A 94 784 N/A -73 -295 -854 -540 N/A 613 N/A -187 -42
-5 -103 N/A 112 N/A 493 N/A -521 920 -591 -700 -948 -814 76 N/A 421 -266 N/A -212 -203 N/A -304 335 N/A -156 574 N/A 518 N/A 836 672 70 -635 810 -743 -602 N/A -532 -222 N/A 231 506 170 -936 473
656 355 N/A -844 624 -331 245 989 N/A -892 125 600 -671 107 943 N/A -941 -78 -513 -913 -985 -59 474 270 123 N/A -433 N/A -290 771 -811 -581 N/A -525 -234 717 -928 N/A 773 N/A 310 N/A -143 -86 -986 512 N/A -418 -472 N/A -784 N/A 674 N/A 846 -365 N/A -759 N/A 683 -703 -994 N/A 88 -107 N/A -555 3 -412 -525 N/A -102 -729 -314
-494 676 N/A -266 478 N/A -239 243 -148 N/A 724 443 -441 451 123 N/A 780 -537 N/A -568 N/A 401 N/A 327 345 231 -536 -669 147 70 -110 N/A -221 -260 135 N/A -289 -285 289 N/A 264 -558 727 -803 N/A 521 -944 109 670 -386 593 N/A -688 N/A -318 -632 N/A -755
635 -698 -451 352 -898 -280 N/A -998 -47 -700 N/A -646 -983 N/A 978 -950 N/A 218 -480 -983 -982 -904 -881 800 N/A 609 -986 259 N/A 659 N/A 689 -182 N/A -297 N/A 571 -400 N/A -166 -399 N/A -59 942 746 -108 377 N/A 16 546 227 N/A -961 -126 -995 N/A -695 N/A 326 -540
880 288 837 -163 N/A -66 -75 -304 972 -187 -22 -804 896 542 492 N/A 12 157 78 N/A 584 -7 N/A 848 N/A -44 -952 59 544 664 N/A 770 -691 N/A 209 786 -978 129 N/A -277 935 N/A 376 -566 N/A -926 N/A 28 N/A 207 208 N/A -233 N/A -368 N/A -335 231 616 -669 468 N/A -587 -158 316 N/A 483 -737 N/A -835 325 519 -317 -583 -917
-625 76 926 213 N/A -37 901 -220 -980 N/A 142 N/A -161 N/A -738 N/A -711 N/A -847 163 329 517 318 184 96 -207 N/A 411 N/A 174 -697 -992 -918 814 N/A -280 N/A 350 -9 N/A -391 544 -745 665 534 N/A -42 N/A -199 -633 -406 N/A -996 N/A -305 -826 -545 536 -249 395 384 N/A -766 -197 -644
-592 N/A 984 374 -257 -471 N/A -687 -607 612 975 882 N/A -940 -478 743 N/A 421 -87 N/A -908 359 24 -441 N/A -783 -215 -69 -161 N/A 510 N/A 610 N/A -814 807 343 N/A 384 -342 851 160 N/A 788 -82 N/A 347 433 -961 267 -114 55 -654 N/A -223 179 N/A 941 -765 N/A 547 106 -781 -965 N/A 743
503 N/A -249 153 -622 6 -776 N/A -55 149 N/A 297 -525 N/A 489 -211 N/A 475 644 342 -146 -554 131 -380 -740 682 N/A 620 N/A -120 595 -399 N/A -25 287 689 909 N/A -326 N/A -476 -205 N/A 313 564 578 N/A -530 -205 -636 447 N/A -577 597
-111 -28 N/A 46 -688 -818 N/A 197 N/A 92 N/A -130 -978 90 -532 396 684 N/A -573 208 -956 211 330 N/A 533 -806 -517 N/A 583 625 805 N/A -374 973 N/A 188 86 -226 N/A 249 -520 -237 N/A 992 -160 967 420 N/A -271 -817 -707 693 -755 N/A -774 N/A -78 -518 171
-403 70 N/A -84 N/A -382 -816 -313 N/A -659 830 680 297 -278 N/A -613 282 N/A -238 -431 N/A -695 -568 N/A -525 994 -916 N/A 419 199 -300 N/A 737 402 -745 -787 513 92 901 415 189 -135 -823 -329 N/A -509 -272 -931 -284 N/A -376 -617 -206 4 N/A 424 N/A 441 N/A -885 127 N/A 998 569 N/A -11 735 678 12 N/A -800 935 N/A 533 -939
631 689 -172 -224 N/A -8 -418 N/A -148 N/A -235 N/A 159 N/A -745 N/A 387 75 737 -159 843 -181 N/A -557 N/A -677 -234 -621 527 568 -439 -507 -452 588
-248 N/A -365 755 N/A 631 -448 N/A 972 N/A 438 N/A -453 355 811 -559 188 460 888 25 N/A -893 -984 N/A 606 N/A 80 N/A -461 -280 943 -219 41 N/A -486 N/A -32 -770 334 363 736 -594 7 -656 -675 516 -390 -101 -633 N/A 478 N/A -353 156 -533 -882 N/A 775 N/A 626 -534 706 -124 N/A 101 923
870 255 N/A 274 99 535 N/A 554 503 N/A 797 -637 567 N/A 631 N/A 502 N/A 842 269 N/A 200 249 -576 480 130 -471 -542 -666
310 856 -24 N/A 545 -159 N/A -328 372 N/A -735 -46 -182 -85 -855 917 -255 N/A -610 -294 N/A -189 N/A -127 -106 N/A -294 410 534 N/A 450 211
-379 -411 -601 493 775 N/A -486 N/A -709 -187 N/A 435 -22 -293 636 N/A -799 242 266 254 -217 N/A -312 -437 N/A -688 42 N/A 168 618